,City,Cloudiness,Country,Date,Humidity,Lat,Lng,Max Temp,Wind Speed
0,tiksi,100,RU,1643609624,99,71.6872,128.8694,-25.33,1.58
1,vaini,100,TO,1643609625,70,-21.2,-175.2,27.38,6.91
2,marzuq,54,YE,1643609625,40,14.4,46.4667,21.22,1.14
3,lorengau,100,PG,1643609626,81,-2.0226,147.2712,27.38,7.12
4,bredasdorp,100,ZA,1643609626,83,-34.5322,20.0403,23.49,4.12
5,barrow,0,US,1643609626,84,71.2906,-156.7887,-21.99,6.17
6,yafran,0,LY,1643609626,54,32.0633,12.5286,4.63,2.53
7,east london,85,IS,1643609626,72,65.0,-15.0,-7.14,9.8
8,ostrovnoy,86,RU,1643609627,96,68.0531,39.5131,-14.18,3.98
9,busselton,92,AU,1643609627,29,-33.65,115.3333,26.72,7.63
10,yellowknife,100,CA,1643609627,95,62.456,-114.3525,-24.77,4.55
11,rikitea,100,PF,1643609627,63,-23.1203,-134.9692,25.15,2.47
12,parana,0,AR,1643609627,57,-31.732,-60.5238,23.65,1.43
13,ushuaia,100,AR,1643609627,75,-54.8,-68.3,5.81,3.6
14,castro,100,BR,1643609628,99,-24.7911,-50.0119,16.95,2.44
15,new norfolk,31,LR,1643609628,99,6.6518,-10.5932,23.57,1.25
16,hilo,75,US,1643609628,83,19.7297,-155.09,20.85,3.09
17,bilibino,82,RU,1643609628,95,68.0546,166.4372,-22.08,1.99
18,hermanus,100,ZA,1643609628,76,-34.4187,19.2345,26.06,5.72
19,samarai,100,PG,1643609629,72,-10.6167,150.6667,28.71,8.47
20,cape town,0,CL,1643609629,55,-36.413,-71.9028,12.54,4.8
21,bluff,97,NZ,1643609629,86,-46.6,168.3333,21.0,1.66
22,kieta,100,PG,1643609629,73,-6.2167,155.6333,29.07,3.15
23,saint-philippe,86,RE,1643609629,83,-21.3585,55.7679,29.75,6.19
24,norman wells,0,US,1643609630,42,35.2226,-97.4395,8.84,1.54
25,fortuna,100,US,1643609630,93,40.5982,-124.1573,10.37,0.0
26,tselinnoye,72,RU,1643609630,91,53.0833,85.6667,-11.85,1.02
27,akhtubinsk,100,RU,1643609630,88,48.2795,46.1722,-0.16,6.34
28,terme,100,TR,1643609630,77,41.2092,36.9739,7.76,1.27
29,kruisfontein,91,ZA,1643609631,69,-34.0033,24.7314,22.71,2.54
30,angoche,2,MZ,1643609631,75,-16.2325,39.9086,26.92,2.11
31,zeya,20,RU,1643609631,55,53.75,127.2667,-11.68,1.39
32,port alfred,100,CD,1643609631,75,-7.0349,29.7638,23.38,1.43
33,tupancireta,3,BR,1643609631,92,-29.0806,-53.8358,17.73,3.46
34,grand gaube,0,US,1643609632,49,38.8755,-109.5012,-7.45,0.67
35,yar-sale,87,RU,1643609632,100,66.8333,70.8333,-20.81,3.07
36,punta arenas,84,PH,1643609632,72,8.9897,125.34,28.18,1.73
37,mys shmidta,93,RU,1643609632,100,62.0589,48.6201,-19.59,1.34
38,mataura,94,NZ,1643609632,60,-46.1927,168.8643,20.82,1.78
39,nome,0,US,1643609633,65,64.5011,-165.4064,-17.96,0.0
40,jumla,0,NP,1643609633,24,29.2747,82.1838,10.88,2.88
41,victoria,97,HK,1643609400,73,22.2855,114.1577,16.25,1.79
42,mahebourg,75,MU,1643609633,74,-20.4081,57.7,30.14,6.69
43,albany,20,US,1643609633,67,42.6001,-73.9662,-13.42,1.15
44,regina,75,CA,1643609633,87,50.4501,-104.6178,-6.58,3.6
45,butaritari,55,KI,1643609634,77,3.0707,172.7902,27.81,8.48
46,mimongo,97,GA,1643609634,98,-1.6195,11.6068,20.35,0.74
47,bengkulu,90,ID,1643609440,64,-3.8004,102.2655,29.66,3.09
48,labuan,96,MY,1643609499,77,5.2767,115.2417,31.09,3.09
49,hobart,20,AU,1643609549,58,-42.8794,147.3294,29.04,0.45
50,mana,50,GF,1643609635,88,5.6592,-53.7767,23.96,4.06
51,altay,68,CN,1643609635,65,47.8667,88.1167,-10.67,0.27
52,alofi,100,NU,1643609635,83,-19.0595,-169.9187,24.94,1.54
53,hobyo,100,SO,1643609635,73,5.3505,48.5268,26.22,7.73
54,leningradskiy,88,RU,1643609635,93,69.3833,178.4167,-26.52,2.31
55,daska,24,PK,1643609636,43,32.3243,74.3497,13.99,1.13
56,tasiilaq,100,GL,1643609636,62,65.6145,-37.6368,-15.11,2.98
57,palimbang,100,PH,1643609636,72,6.2106,124.1894,28.63,2.28
58,ankazoabo,0,MG,1643609636,33,-22.2833,44.5167,30.03,2.74
59,warwick,0,US,1643609636,74,41.7001,-71.4162,-8.28,0.0
60,airai,93,TL,1643609636,71,-8.9266,125.4092,20.65,3.39
61,provideniya,81,RU,1643609636,79,64.3833,-173.3,-14.09,6.26
62,ancud,13,CL,1643609637,83,-41.8697,-73.8203,6.9,1.49
63,phan rang,22,TH,1643609410,27,19.5539,99.7405,29.99,1.73
64,nikolskoye,100,RU,1643609637,97,59.7035,30.7861,-3.06,2.08
65,atuona,9,PF,1643609637,75,-9.8,-139.0333,25.62,6.89
66,taksimo,91,RU,1643609637,91,56.3444,114.8794,-20.74,0.61
67,kaitangata,84,NZ,1643609638,77,-46.2817,169.8464,17.73,1.81
68,san patricio,5,ML,1643609638,14,13.3034,-4.8956,20.58,4.09
69,codrington,2,AU,1643609638,66,-38.2667,141.9667,24.21,5.19
70,ponta do sol,49,PT,1643609638,73,38.7333,-28.2667,12.37,11.27
71,bethel,0,US,1643609639,70,41.3712,-73.414,-6.95,0.0
72,kapaa,20,US,1643609639,70,22.0752,-159.319,21.99,3.09
73,bilma,2,NE,1643609639,22,18.6853,12.9164,9.82,6.34
74,pahrump,0,US,1643609391,23,36.2083,-115.9839,10.61,0.28
75,oktyabrskoye,100,RU,1643609639,93,43.0645,44.7417,-4.92,2.0
76,carnarvon,19,AU,1643609407,58,-24.8667,113.6333,32.04,9.26
77,khatanga,98,RU,1643609640,99,71.9667,102.5,-21.25,3.23
78,thinadhoo,8,MV,1643609640,70,0.5333,72.9333,28.18,5.02
79,maldonado,3,UY,1643609640,85,-34.6667,-54.9167,21.24,4.39
80,port-gentil,87,GA,1643609640,78,-0.7193,8.7815,27.04,2.88
81,puerto ayora,38,ES,1643609640,66,36.5939,-6.233,7.36,2.34
82,nkan,92,GA,1643609641,93,0.3833,9.7833,24.42,1.22
83,udankudi,75,IN,1643609641,67,8.4333,78.0167,31.1,6.16
84,goldsboro,0,US,1643609641,74,35.3849,-77.9928,0.53,0.0
85,tuktoyaktuk,100,CA,1643609641,78,69.4541,-133.0374,-18.0,10.29
86,klaksvik,99,FO,1643609642,62,62.2266,-6.589,1.51,15.95
87,chuy,0,UY,1643609642,92,-33.6971,-53.4616,19.82,3.64
88,port elizabeth,100,CD,1643609631,75,-7.0349,29.7638,23.38,1.43
89,enid,0,US,1643609405,44,36.3956,-97.8784,7.39,1.79
90,greenwood,0,US,1643609642,75,34.1668,-82.1165,6.2,2.57
91,mayumba,99,GA,1643609643,87,-3.432,10.6554,25.0,0.68
92,qaanaaq,100,GL,1643609643,91,77.484,-69.3632,-21.61,2.67
93,puerto baquerizo moreno,38,ES,1643609640,66,36.5939,-6.233,7.36,2.34
94,palmer,75,US,1643609643,79,42.1584,-72.3287,-11.65,1.54
95,pevek,94,RU,1643609643,100,69.7008,170.3133,-28.92,1.33
96,juneau,69,US,1643609643,92,58.3019,-134.4197,-1.97,1.57
97,dikson,100,RU,1643609644,94,73.5069,80.5464,-19.65,9.97
98,amapa,99,BR,1643609626,100,1.0,-52.0,21.19,0.71
99,hay river,96,GB,1643609644,77,52.0705,-3.1274,7.42,9.7
100,carahue,5,CL,1643609644,92,-38.7,-73.1667,8.64,0.23
101,colac,3,AU,1643609644,32,-38.3333,143.5833,29.79,2.77
102,arraial do cabo,99,BR,1643609645,98,-22.8362,-46.646,19.29,1.34
103,komsomolskiy,100,UZ,1643609645,93,40.4272,71.7189,0.68,1.03
104,ulety,87,RU,1643609645,79,51.3572,112.4849,-16.17,2.58
105,harrai,0,IN,1643609646,17,22.6167,79.2167,24.87,3.92
106,cockburn town,98,AU,1643609646,75,-32.0833,141.0,25.87,10.25
107,mar del plata,100,ES,1643609646,76,43.4002,-4.0094,8.34,1.34
108,montrose,1,US,1643609647,53,38.4166,-108.2673,-2.81,0.46
109,lucapa,98,AO,1643609647,93,-8.4192,20.7447,19.37,0.69
110,coihaique,20,CL,1643609647,61,-45.5752,-72.0662,9.34,1.54
111,balkanabat,57,TM,1643609647,44,39.5108,54.3671,8.75,1.42
112,kodiak,0,US,1643609648,79,57.79,-152.4072,-6.27,2.06
113,alta floresta,0,NO,1643609648,78,69.9689,23.2717,-13.42,1.03
114,malinao,100,PH,1643609648,65,7.5917,124.6889,26.07,0.96
115,faanui,6,PF,1643609648,72,-16.4833,-151.75,27.19,4.18
116,narsaq,100,GL,1643609649,84,60.9167,-46.05,-5.58,6.51
117,bathurst,35,AU,1643609581,44,-33.4166,149.5806,31.65,0.45
118,ponta delgada,49,PT,1643609638,73,38.7333,-28.2667,12.37,11.27
119,san francisco,5,ML,1643609638,14,13.3034,-4.8956,20.58,4.09
120,auki,92,SB,1643609649,83,-8.7676,160.7034,27.78,1.46
121,san julian,5,ML,1643609649,14,13.3034,-4.8956,20.58,4.09
122,upernavik,100,GL,1643609650,94,72.7868,-56.1549,-24.91,2.58
123,kampot,34,KH,1643609650,55,10.6167,104.1833,29.03,4.11
124,karpathos,75,GR,1643609650,71,35.507,27.2132,11.98,7.72
125,nuuk,100,GL,1643609650,78,64.1835,-51.7216,-15.48,5.26
126,san cristobal,5,ML,1643609638,14,13.3034,-4.8956,20.58,4.09
127,wattegama,36,LK,1643609650,69,6.7989,81.4808,28.56,4.15
128,kibuye,100,RW,1643609650,77,-2.0597,29.3482,19.68,0.95
129,casa nova,42,NI,1643609651,98,13.3383,-85.371,16.59,1.6
130,imbituba,58,BR,1643609651,81,-28.24,-48.6703,23.23,2.74
131,severo-kurilsk,98,RU,1643609651,81,50.6789,156.125,-1.91,6.35
132,canchungo,38,GW,1643609651,52,12.0672,-16.0333,20.07,2.31
133,juba,82,SS,1643609651,22,4.8517,31.5825,27.31,2.96
134,santa rosa,38,PH,1643609652,70,17.486,120.4348,30.57,3.83
135,touros,16,BR,1643609652,81,-5.1989,-35.4608,26.5,5.39
136,muzaffarpur,0,IN,1643609652,46,26.1167,85.4,18.96,1.18
137,hithadhoo,8,MV,1643609652,70,-0.6,73.0833,28.06,4.64
138,praia da vitoria,75,CV,1643609652,83,14.9215,-23.5087,20.3,8.23
139,zhangye,51,CN,1643609653,18,38.9342,100.4517,-1.05,3.08
140,waingapu,98,ID,1643609653,61,-9.6567,120.2641,30.47,7.94
141,torbay,93,CA,1643609653,84,47.6666,-52.7314,1.99,1.79
142,laguna,0,US,1643609612,85,38.421,-121.4238,11.16,0.0
143,qaqortoq,100,GL,1643609654,69,60.7167,-46.0333,-5.12,7.77
144,lagoa,30,PT,1643609655,72,39.05,-27.9833,14.65,11.36
145,pacifica,75,US,1643609655,88,37.6138,-122.4869,11.5,0.45
146,port hawkesbury,100,CD,1643609656,75,-7.0349,29.7638,23.38,1.43
147,gweta,98,BW,1643609656,82,-20.1833,25.2333,21.29,6.64
148,grindavik,100,IS,1643609656,74,63.8424,-22.4338,-1.74,3.09
149,avarua,75,CK,1643609657,83,-21.2078,-159.775,25.03,4.63
150,broome,41,US,1643609657,82,42.2506,-75.833,-12.22,0.91
151,thompson,75,CA,1643609658,84,55.7435,-97.8558,-20.91,2.06
152,erzin,100,TR,1643609658,83,36.9559,36.2,6.29,3.25
153,tilichiki,100,RU,1643609659,93,60.4667,166.1,-11.65,4.67
154,banda aceh,0,IN,1643609659,32,25.4833,80.3333,21.96,1.33
155,rawson,42,AR,1643609660,34,-43.3002,-65.1023,14.11,5.05
156,lebu,0,CL,1643609660,77,-37.6167,-73.65,13.0,8.97
157,padang,85,ID,1643609403,70,-0.9492,100.3543,29.47,2.87
158,dongsheng,0,CN,1643609422,30,39.8161,109.9776,-9.63,7.77
159,ginir,96,ET,1643609661,24,7.1333,40.7,17.44,1.92
160,ilulissat,38,GL,1643609661,49,69.2167,-51.1,-20.04,9.25
161,ribeira grande,20,ES,1643609661,93,42.7461,-8.4439,8.47,3.09
162,jamestown,0,US,1643609662,100,42.097,-79.2353,-10.16,2.57
163,shu,30,KZ,1643609662,63,43.5983,73.7614,2.06,1.11
164,lichinga,75,MZ,1643609662,94,-13.3128,35.2406,19.05,5.66
165,mackay,27,AU,1643609605,68,-21.15,149.2,30.93,4.09
166,price,0,US,1643609662,68,39.5994,-110.8107,1.89,3.09
167,smithers,100,CA,1643609663,93,54.7804,-127.1743,-3.82,1.03
168,grand river south east,0,US,1643609632,49,38.8755,-109.5012,-7.45,0.67
169,cidreira,0,BR,1643609664,75,-30.1811,-50.2056,21.9,7.15
170,iqaluit,20,CA,1643609664,74,63.7506,-68.5145,-30.73,2.68
171,norden,100,DE,1643609664,90,53.6,7.2,4.97,8.97
172,inhambane,20,MZ,1643609664,69,-23.865,35.3833,27.99,2.57
173,monrovia,10,LR,1643609665,86,6.3005,-10.7969,23.87,1.33
174,neftegorsk,97,RU,1643609665,95,52.802,51.166,-6.2,4.2
175,lompoc,0,US,1643609666,88,34.6391,-120.4579,13.4,0.0
176,fort nelson,91,NL,1643609666,94,52.6517,6.3861,5.66,10.18
177,chokurdakh,63,RU,1643609433,97,70.6333,147.9167,-30.84,1.1
178,dingle,49,PH,1643609666,69,10.9995,122.6711,29.26,4.25
179,wangqing,2,CN,1643609667,55,43.3218,129.7634,-7.13,1.25
180,borisoglebskiy,100,RU,1643609667,95,57.2586,39.1508,-4.2,5.08
181,clyde river,88,US,1643609667,89,41.3042,-82.9752,-7.12,1.11
182,richards bay,0,US,1643609668,92,46.8361,-95.9123,-11.25,4.12
183,progreso,0,MX,1643609668,73,21.2833,-89.6667,17.28,4.33
184,abu samrah,0,IN,1643609668,48,24.6,72.7,17.99,2.55
185,port shepstone,100,CD,1643609631,75,-7.0349,29.7638,23.38,1.43
186,gwadar,0,PK,1643609669,65,25.1216,62.3254,23.32,5.87
187,bowen,21,AU,1643609669,71,-20.0167,148.2333,29.12,5.9
188,hervey bay,14,US,1643609670,43,33.4982,-93.7771,10.26,1.62
189,adelaide,0,AU,1643609448,61,-34.9333,138.6,29.71,7.2
190,isangel,100,VU,1643609670,94,-19.55,169.2667,27.06,1.54
191,nanortalik,99,GL,1643609670,73,60.1432,-45.2371,-4.3,9.31
192,menongue,100,AO,1643609671,92,-14.6585,17.691,17.04,2.03
193,maceio,40,BR,1643609671,94,-9.6658,-35.7353,24.69,1.03
194,ajdabiya,85,LY,1643609671,62,30.7554,20.2263,13.41,6.59
195,geraldton,0,AU,1643609386,48,-28.7667,114.6,30.23,9.77
196,barra,25,BR,1643609672,87,-11.0894,-43.1417,21.14,0.86
197,connersville,93,US,1643609672,82,39.6412,-85.1411,-2.5,0.45
198,aklavik,100,CA,1643609672,82,68.2191,-135.0107,-15.54,5.39
199,port hedland,100,CD,1643609656,75,-7.0349,29.7638,23.38,1.43
200,vestmannaeyjar,100,IS,1643609672,59,63.4427,-20.2734,1.05,10.36
201,fairbanks,0,US,1643609673,70,64.8378,-147.7164,-28.0,0.0
202,sijunjung,100,ID,1643609673,70,-0.6876,100.9537,29.01,1.57
203,esperance,79,AU,1643609673,76,-33.8667,121.9,17.91,11.0
204,georgetown,20,MY,1643609430,63,5.4112,100.3354,32.96,3.6
205,calabozo,57,VE,1643609674,64,8.9242,-67.4293,23.84,3.17
206,misratah,0,LY,1643609674,71,32.3754,15.0925,11.57,6.35
207,york,100,US,1643609675,62,40.1254,-77.0,-4.45,1.54
208,nizhneudinsk,98,RU,1643609675,80,54.9076,99.0276,-10.42,0.87
209,portland,100,US,1643609675,89,45.5234,-122.6762,7.14,0.45
210,seabra,72,BR,1643609676,96,-12.4186,-41.7703,17.71,0.68
211,vila franca do campo,0,PT,1643609676,57,42.0304,-8.1588,2.74,1.95
212,miandrivazo,0,MG,1643609676,57,-19.5167,45.4667,30.18,0.86
213,bathsheba,75,BB,1643609676,83,13.2167,-59.5167,25.34,6.69
214,chai nat,100,CD,1643609677,37,1.5029,30.1644,23.03,0.89
215,saldanha,99,ZA,1643609679,67,-33.0117,17.9442,21.65,2.24
216,tucuman,0,AR,1643609680,88,-26.8241,-65.2226,21.0,3.6
217,shimoda,90,JP,1643609482,65,34.6667,138.95,7.28,3.8
218,minab,2,IR,1643609680,68,27.1467,57.0801,21.72,1.76
219,eyl,95,SO,1643609680,65,7.9803,49.8164,26.65,8.28
220,veraval,2,IN,1643609680,45,20.9,70.3667,24.47,2.72
221,pafos,20,CY,1643609680,81,34.7667,32.4167,9.95,4.12
222,yermakovskoye,22,RU,1643609681,80,53.2831,92.4003,-15.54,1.15
223,nanning,99,CN,1643609681,79,22.8167,108.3167,9.25,2.71
224,wuan,100,CN,1643609681,52,31.6836,112.0044,8.9,2.56
225,acapulco,20,MX,1643609681,83,16.8634,-99.8901,24.9,0.0
226,sao filipe,2,IN,1643609682,18,20.5113,76.2129,25.37,2.83
227,sinegorsk,78,RU,1643609682,87,47.1667,142.5,-7.81,3.94
228,bentiu,3,SS,1643609682,16,9.2333,29.8333,22.48,3.45
229,bambanglipuro,76,ID,1643609682,70,-7.95,110.2833,23.11,4.16
230,hasaki,25,JP,1643609635,24,35.7333,140.8333,9.22,2.11
231,tiznit,80,MA,1643609682,39,29.5833,-9.5,15.49,5.75
232,whitehorse,75,CA,1643609683,72,60.7161,-135.0538,-14.57,4.63
233,gandajika,100,CD,1643609683,95,-6.75,23.95,19.21,1.66
234,sambava,56,MG,1643609683,68,-14.2667,50.1667,28.22,4.24
235,biak,77,ID,1643609683,56,-0.9131,122.8766,30.82,4.05
236,princeton,0,US,1643609683,64,25.5384,-80.4089,11.01,3.6
237,lakota,64,CI,1643609683,91,5.8528,-5.6883,18.63,0.28
238,bambous virieux,82,MU,1643609683,69,-20.2567,57.4061,29.52,8.15
239,coahuayana,0,MX,1643609684,72,18.7333,-103.6833,19.91,1.95
240,havoysund,100,NO,1643609684,81,70.9963,24.6622,-0.87,7.04
241,ulladulla,42,AU,1643609562,74,-35.35,150.4667,28.26,4.15
242,salalah,0,OM,1643609684,60,17.0151,54.0924,24.05,1.03
243,sri aman,84,MA,1643609684,75,30.0381,-8.7951,9.65,5.6
244,uglovskoye,100,RU,1643609684,87,51.3557,80.1942,-8.37,4.14
245,evensk,100,RU,1643609685,81,61.95,159.2333,-6.87,6.4
246,cuamba,16,MZ,1643609685,80,-14.8031,36.5372,23.59,0.57
247,talnakh,90,RU,1643609685,91,69.4865,88.3972,-19.89,4.13
248,half moon bay,20,LR,1643609685,92,6.3807,-10.6953,23.94,1.33
249,manali,10,IN,1643609685,74,13.1667,80.2667,30.05,2.79
250,northam,82,GB,1643609686,79,51.0333,-4.2167,7.79,11.09
251,loudi,100,CN,1643609686,99,27.7344,111.9944,3.14,0.76
252,socorro,20,US,1643609686,35,31.6546,-106.3033,9.1,0.0
253,alamosa,0,US,1643609686,92,37.4695,-105.87,-6.27,2.06
254,kant,0,IN,1643609686,43,27.8,79.8,19.08,0.35
255,kasongo-lunda,98,CD,1643609686,96,-6.4667,16.8167,21.46,0.26
256,luderitz,66,NA,1643609686,90,-26.6481,15.1594,17.91,2.53
257,kuusamo,0,FI,1643609686,77,65.9667,29.1833,-22.98,1.03
258,saskylakh,94,RU,1643609687,100,71.9167,114.0833,-31.74,1.3
259,tommot,100,RU,1643609687,91,58.9564,126.2925,-18.76,3.29
260,sipovo,23,BA,1643609687,85,44.2814,17.0839,-3.55,2.61
261,pisco,0,PE,1643609687,88,-13.7,-76.2167,20.03,4.12
262,deputatskiy,73,RU,1643609687,100,69.3,139.9,-30.68,1.05
263,kavaratti,1,IN,1643609688,73,10.5669,72.642,27.46,3.85
264,kloulklubed,96,PW,1643609688,69,7.0419,134.2556,29.28,5.8
265,nadapuram,0,IN,1643609688,46,11.7,75.6667,32.56,2.67
266,zhigansk,96,RU,1643609618,99,66.7697,123.3711,-33.68,1.0
267,labuhan,95,ID,1643609689,75,-6.8844,112.2051,29.06,4.58
268,ormara,0,PK,1643609689,61,25.2088,64.6357,23.32,5.7
269,alyangula,75,AU,1643609689,94,-13.8483,136.4192,25.93,4.63
270,linxia,97,CN,1643609689,67,35.6003,103.2064,-5.91,0.86
271,boda,96,CF,1643609689,20,4.3189,17.4695,22.14,3.08
272,giresun,99,TR,1643609690,94,40.5,38.5,-7.38,4.86
273,impfondo,100,CG,1643609690,36,1.6381,18.0667,20.4,1.24
274,tual,100,ID,1643609690,78,-5.6667,132.75,28.71,9.91
275,kedrovyy,35,RU,1643609690,80,56.1667,91.8167,-17.77,1.49
276,hailar,41,CN,1643609690,88,49.2,119.7,-19.91,1.91
277,anadyr,0,RU,1643609691,78,64.75,177.4833,-18.72,2.0
278,ilo,22,PE,1643609691,76,-17.6394,-71.3375,20.08,1.67
279,byron bay,0,US,1643609691,87,44.0327,-92.6455,-10.26,3.6
280,tatawin,0,TN,1643609691,40,32.9297,10.4518,7.49,8.7
281,vostok,56,RU,1643609691,85,46.4856,135.8833,-16.2,1.96
282,buala,99,SB,1643609691,77,-8.145,159.5921,28.48,1.6
283,kismayo,92,SO,1643609692,69,-0.3582,42.5454,27.02,7.17
284,rzhev,100,RU,1643609692,97,56.2624,34.3282,-5.15,2.24
285,lata,19,PT,1643609692,51,40.1629,-8.3327,2.23,1.91
286,palauig,25,PH,1643609692,70,15.435,119.9045,28.43,2.59
287,homer,0,US,1643609692,92,59.6425,-151.5483,-9.07,1.54
288,port moresby,100,CD,1643609631,75,-7.0349,29.7638,23.38,1.43
289,rocky mount,0,US,1643609693,42,35.157,-99.0604,8.53,1.54
290,bamako,0,ML,1643609693,22,12.65,-8.0,20.23,3.09
291,hayden,100,US,1643609693,93,47.766,-116.7866,3.13,6.69
292,churapcha,91,RU,1643609693,97,62.0025,132.4325,-29.23,0.97
293,visby,75,SE,1643609695,64,57.6409,18.296,0.12,8.23
294,maua,100,BR,1643609695,91,-23.6678,-46.4614,20.2,1.73
295,taoudenni,84,ML,1643609695,15,22.6783,-3.9836,18.29,6.15
296,atar,100,MR,1643609695,13,20.5169,-13.0499,23.69,4.43
297,marsh harbour,95,GB,1643609696,76,53.6512,-1.8078,5.42,2.68
298,batagay-alyta,85,RU,1643609696,97,67.8006,130.4114,-28.39,0.78
299,san policarpo,5,ML,1643609649,14,13.3034,-4.8956,20.58,4.09
300,yulara,75,AU,1643609696,62,-25.2406,130.9889,29.91,2.57
301,matara,15,LK,1643609696,64,5.9485,80.5353,29.89,2.55
302,fallon,0,US,1643609697,59,39.4735,-118.7774,-2.07,3.6
303,sitka,0,US,1643609697,86,57.0531,-135.33,0.94,0.0
304,roald,0,NO,1643609697,64,62.5833,6.1333,0.74,5.14
305,erdaojiang,67,CN,1643609697,57,41.7764,126.0319,-4.94,0.7
306,namatanai,95,PG,1643609697,74,-3.6667,152.4333,28.68,2.49
307,ballina,20,AU,1643609697,76,-28.8667,153.5667,30.1,3.78
308,hovd,22,MN,1643609698,84,48.0056,91.6419,-21.23,1.64
309,namie,87,JP,1643609698,51,37.4833,141.0,5.54,4.33
310,ronne,100,DK,1643609698,74,55.1009,14.7066,-1.05,1.54
311,ibra,0,OM,1643609698,23,22.6906,58.5334,24.85,0.82
312,ixtapa,1,MX,1643609698,93,20.7,-105.2,20.68,1.42
313,plettenberg bay,93,DE,1643609698,95,51.2167,7.8833,4.52,6.68
314,innisfail,72,AU,1643609699,71,-17.5333,146.0333,28.74,2.8
315,longyearbyen,40,SJ,1643609699,66,78.2186,15.6401,-13.09,10.29
316,semnan,0,IR,1643609699,35,35.5729,53.3971,3.78,0.95
317,nouadhibou,100,MR,1643609699,72,20.931,-17.0347,17.99,8.75
318,poum,78,NC,1643609699,74,-20.2333,164.0167,27.0,6.05
319,yangliuqing,11,CN,1643609699,22,39.1375,116.9997,-0.01,8.98
320,estacion coahuila,61,PH,1643609700,45,15.6994,120.6083,31.85,3.83
321,vila velha,0,PT,1643609676,57,42.0304,-8.1588,2.74,1.95
322,port hardy,100,CD,1643609631,75,-7.0349,29.7638,23.38,1.43
323,yerbogachen,97,RU,1643609700,95,61.2767,108.0108,-20.83,2.45
324,faya,4,SA,1643609700,49,18.3851,42.4509,16.06,3.46
325,zyryanka,100,RU,1643609701,100,65.75,150.85,-30.54,0.65
326,paso de los toros,97,BO,1643609701,100,-14.4333,-67.5167,21.4,0.54
327,angol,2,CL,1643609701,79,-37.8,-72.7167,9.75,2.77
328,mersing,40,MY,1643609702,66,2.4312,103.8405,30.95,4.12
329,beloha,20,MG,1643609702,45,-25.1667,45.05,28.47,4.91
330,constitucion,0,CL,1643609702,66,-35.3333,-72.4167,14.89,3.36
331,ocos,7,GT,1643609703,70,14.5094,-92.1933,26.29,1.44
332,laramie,0,US,1643609703,31,41.3114,-105.5911,1.64,12.35
333,douglas,75,US,1643609703,63,41.3,-96.167,2.93,0.89
334,mandera,90,KE,1643609703,40,3.9366,41.867,26.4,4.43
335,aykhal,55,RU,1643609596,99,66.0,111.5,-28.49,2.07
336,lavrentiya,13,RU,1643609704,92,65.5833,-171.0,-23.11,1.86
337,gigmoto,80,PH,1643609704,87,13.7796,124.39,25.86,5.49
338,zhezkazgan,100,KZ,1643609704,93,47.8043,67.7144,-6.01,3.0
339,erenhot,88,CN,1643609704,67,43.6475,111.9767,-12.77,4.77
340,sur,0,OM,1643609705,50,22.5667,59.5289,24.63,1.1
341,pontianak,75,ID,1643609409,59,-0.0333,109.3333,31.99,2.06
342,fare,11,PF,1643609705,71,-16.7,-151.0167,27.32,4.75
343,high level,91,US,1643609706,53,33.6123,-95.7472,11.39,2.88
344,kahului,75,US,1643609706,71,20.8947,-156.47,23.8,2.57
345,sorland,100,NO,1643609707,87,67.667,12.6934,1.04,8.89
346,vestmanna,75,FO,1643609707,60,62.1564,-7.1664,0.51,12.86
347,whitianga,80,NZ,1643609707,72,-36.8333,175.7,20.65,4.78
348,manokwari,100,ID,1643609708,74,-0.8667,134.0833,26.13,5.65
349,miranda,96,CO,1643609708,95,3.2499,-76.2281,19.07,0.57
350,beyneu,100,KZ,1643609708,77,45.3167,55.2,1.83,6.61
351,cabo san lucas,14,BR,1643609517,85,-8.2833,-35.0333,27.96,1.25
352,mareeba,99,AU,1643609708,72,-17.0,145.4333,29.71,1.99
353,fort morgan,91,NL,1643609666,94,52.6517,6.3861,5.66,10.18
354,kathu,8,TH,1643609416,81,7.9178,98.3332,34.23,2.96
355,tuatapere,97,NZ,1643609709,82,-46.1333,167.6833,21.01,1.99
356,yarmouth,0,US,1643609709,76,41.7057,-70.2286,-5.94,2.06
357,roma,100,US,1643609523,72,43.2128,-75.4557,-12.32,1.54
358,yongan,97,CN,1643609710,42,39.6957,113.6871,-8.57,8.82
359,vardo,55,NO,1643609710,74,70.3705,31.1107,-5.89,6.9
360,colesberg,100,ZA,1643609710,73,-30.72,25.0972,18.82,3.21
361,eyrarbakki,100,IS,1643609710,65,63.863,-21.1481,-1.97,7.93
362,troitskoye,40,RU,1643609710,85,52.9821,84.6757,-9.24,1.02
363,chake chake,98,CN,1643609710,82,23.86,103.046,10.18,1.72
364,avera,2,US,1643609710,87,33.194,-82.5271,7.93,3.15
365,mercedes,34,AR,1643609711,74,-34.6515,-59.4307,22.13,7.15
366,gat,98,IL,1643609699,100,31.61,34.7642,11.89,2.81
367,guerrero negro,31,MX,1643609712,87,17.6667,-100.0,17.53,2.56
368,manica,94,FR,1643609712,85,49.0,-1.1667,5.67,4.4
369,manaus,0,BR,1643609518,100,-3.1019,-60.025,24.27,0.0
370,lock haven,0,US,1643609713,54,40.2715,-82.6107,-7.59,2.06
371,sao felix do xingu,2,IN,1643609682,18,20.5113,76.2129,25.37,2.83
372,fasa,72,IR,1643609713,62,28.9383,53.6482,9.58,2.06
373,barra do garcas,25,BR,1643609713,87,-11.0894,-43.1417,21.14,0.86
374,rochelle,75,FR,1643609713,100,46.25,-1.0,8.51,5.14
375,pacific grove,97,US,1643609713,71,38.482,-90.7415,-1.14,0.16
376,salym,100,RU,1643609714,92,60.0625,71.4789,-12.9,3.0
377,hornepayne,88,CA,1643609714,98,49.2138,-84.7705,-20.96,1.27
378,hofn,99,IS,1643609714,51,64.2539,-15.2082,-4.91,5.23
379,pasni,0,PK,1643609714,59,25.2631,63.471,22.49,3.93
380,kasempa,100,ZM,1643609715,93,-13.4584,25.8338,19.09,1.87
381,ampanihy,47,MG,1643609715,48,-24.7,44.75,28.69,3.44
382,khakhea,100,BW,1643609715,84,-24.6895,23.494,20.29,5.82
383,ikare,69,NG,1643609715,19,7.4913,5.2322,17.38,1.87
384,nianzishan,3,CN,1643609715,59,47.5167,122.8833,-10.37,2.62
385,naze,54,JP,1643609610,55,28.3667,129.4833,14.51,7.11
386,san quintin,5,ML,1643609649,14,13.3034,-4.8956,20.58,4.09
387,rincon,0,US,1643609716,65,32.296,-81.2354,8.81,3.6
388,suruc,100,TR,1643609716,79,36.9761,38.425,3.11,7.24
389,berlevag,86,NO,1643609716,80,70.8578,29.0864,-1.03,5.14
390,belgrade,0,RS,1643609562,67,44.804,20.4651,0.86,0.45
391,bud,100,US,1643609716,85,39.447,-86.1758,-3.24,1.01
392,bubaque,32,GW,1643609717,69,11.2833,-15.8333,25.04,3.51
393,kuching,40,MY,1643609717,70,1.55,110.3333,31.12,2.57
394,nizhniy ingash,100,RU,1643609717,87,45.3926,39.2364,4.43,4.89
395,mnogovershinnyy,100,RU,1643609717,90,53.9353,139.9242,-16.15,3.1
396,mitsamiouli,13,KM,1643609717,72,-11.3847,43.2844,27.91,1.82
397,huarmey,97,PE,1643609718,90,-10.0681,-78.1522,20.91,2.97
398,lasa,68,IT,1643609718,46,46.6166,10.7002,4.7,2.19
399,milos,5,GR,1643609719,58,36.75,24.4333,9.4,7.23
400,ahipara,100,NZ,1643609719,72,-35.1667,173.1667,21.96,5.94
401,tessalit,2,ML,1643609719,18,20.1986,1.0114,16.75,3.62
402,tateyama,84,JP,1643609646,40,34.9833,139.8667,9.15,3.57
403,mwense,100,ZM,1643609720,98,-10.3845,28.698,18.59,0.94
404,kokkola,20,FI,1643609720,85,63.8385,23.1307,-8.05,5.14
405,seymchan,100,RU,1643609720,93,62.8833,152.4333,-27.01,1.62
406,mulchen,1,CL,1643609720,75,-37.7167,-72.2333,10.03,2.98
407,caconda,99,AO,1643609720,88,-13.7333,15.0667,14.3,1.01
408,clinton,0,US,1643609720,80,42.587,-82.9199,-5.82,0.0
409,shingu,4,JP,1643609721,33,33.7333,135.9833,8.55,3.42
410,severo-yeniseyskiy,99,RU,1643609721,89,60.3725,93.0408,-12.94,1.02
411,halifax,85,CA,1643609721,79,44.6453,-63.5724,-6.67,0.89
412,brae,100,GB,1643609722,52,60.3964,-1.353,3.95,13.98
413,pangai,100,TO,1643609722,70,-19.8,-174.35,27.5,5.15
414,bezhta,96,RU,1643609723,86,42.1338,46.1283,-5.71,0.78
415,atasu,100,KZ,1643609723,95,48.6814,71.6433,-8.71,2.79
416,port macquarie,100,CD,1643609656,75,-7.0349,29.7638,23.38,1.43
417,kamenica,100,DE,1643609724,78,50.8333,12.9167,2.06,0.89
418,antofagasta,48,CL,1643609724,83,-23.65,-70.4,17.77,1.18
419,urusha,90,RU,1643609724,60,54.05,122.9,-13.64,2.85
420,souillac,75,MU,1643609724,74,-20.5167,57.5167,30.2,6.69
421,bograd,65,RU,1643609724,95,54.2344,90.8328,-21.14,1.99
422,kirakira,60,SB,1643609725,76,-10.4544,161.9205,28.76,2.81
423,morgan city,0,US,1643609725,93,39.7167,-90.2168,-4.78,0.0
424,tarko-sale,100,RU,1643609725,91,64.9225,77.785,-14.43,4.2
425,nioki,98,CD,1643609725,79,-2.7167,17.6833,23.55,1.52
426,mantua,52,IT,1643609726,83,45.1667,10.7833,4.13,1.54
427,sao desiderio,2,IN,1643609682,18,20.5113,76.2129,25.37,2.83
428,emerald,74,AU,1643609480,32,-23.5333,148.1667,36.3,2.49
429,rura,0,IN,1643609726,42,26.4833,79.9,20.9,1.04
430,exu,47,BR,1643609726,76,-7.5119,-39.7242,21.23,1.29
431,tautira,82,PF,1643609727,78,-17.7333,-149.15,27.01,7.18
432,newport,100,GB,1643609727,71,51.5877,-2.9984,7.92,4.02
433,tagusao,25,PH,1643609727,68,9.1924,117.8141,29.46,3.86
434,quirinopolis,100,BR,1643609727,94,-18.4483,-50.4517,20.91,4.14
435,katsuura,91,JP,1643609643,32,35.1333,140.3,9.06,3.76
436,aswan,66,EG,1643609433,43,24.0934,32.907,12.05,4.54
437,lazaro cardenas,78,DO,1643609728,93,19.4558,-71.3261,20.56,1.14
438,livingston,20,GB,1643609728,67,55.9029,-3.5226,3.48,4.63
439,grand-santi,75,GF,1643609728,99,4.25,-54.3833,21.19,0.55
440,hamilton,0,US,1643609728,80,39.1834,-84.5333,-2.11,0.45
441,diamantino,100,BR,1643609729,98,-14.4086,-56.4461,21.89,3.32
442,saint-denis,20,FR,1643609729,80,48.9167,2.3333,8.27,1.79
443,opportunity,100,US,1643609729,86,47.6499,-117.2399,3.65,1.34
444,southbridge,38,US,1643609729,78,42.0751,-72.0334,-11.99,1.53
445,ketchikan,75,US,1643609729,93,55.3422,-131.6461,1.99,0.0
446,jinchang,71,CN,1643609730,27,38.4953,102.1739,-3.57,3.99
447,anqing,100,CN,1643609730,56,30.5092,117.0506,7.29,2.09
448,akyab,7,MM,1643609730,37,20.15,92.9,23.16,3.28
449,galveston,76,US,1643609730,88,29.3669,-94.9669,15.53,3.98
450,saint-francois,100,FR,1643609730,93,46.4154,3.9054,4.82,4.63
451,iberia,0,US,1643609730,100,29.9502,-91.7507,9.98,1.54
452,seydi,55,TM,1643609731,56,39.4816,62.9137,5.07,3.17
453,rebrikha,85,RU,1643609731,91,53.0733,82.3408,-7.98,4.32
454,omsukchan,97,RU,1643609731,98,62.5333,155.8,-24.06,2.54
455,dangriga,1,BZ,1643609731,73,16.9692,-88.2321,19.43,2.02
456,dunedin,42,NZ,1643609436,81,-45.8742,170.5036,17.92,4.8
457,pangnirtung,64,CA,1643609731,85,66.1451,-65.7125,-30.88,2.65
458,mancora,100,PE,1643609732,72,-4.1078,-81.0475,23.88,1.82
459,hope,8,US,1643609732,64,33.6671,-93.5916,10.04,1.05
460,westport,0,US,1643609732,68,41.1415,-73.3579,-4.92,0.89
461,ust-maya,100,RU,1643609732,93,60.4167,134.5333,-26.18,0.63
462,manhattan,75,US,1643609732,64,40.7834,-73.9662,-5.0,2.57
463,padampur,0,IN,1643609733,18,29.6833,73.6167,21.96,2.35
464,ambon,40,ID,1643609733,49,-3.6954,128.1814,34.08,8.75
465,omboue,95,GA,1643609733,86,-1.5746,9.2618,25.55,1.24
466,north bend,76,FR,1643609734,74,50.3333,3.6667,6.16,9.41
467,lahij,100,YE,1643609734,75,13.1667,44.5833,21.53,4.01
468,ekhabi,100,RU,1643609734,91,53.5102,142.9671,-13.97,10.48
469,oro valley,65,NG,1643609734,17,7.8966,5.1097,16.32,2.53
470,bristol,0,US,1643609735,78,41.8334,-71.1662,-8.33,0.0
471,melfort,100,CA,1643609735,86,52.8667,-104.6177,-3.93,1.54
472,baykalsk,78,RU,1643609735,85,51.5058,104.1469,-12.36,1.0
473,farsund,100,NO,1643609735,58,58.0948,6.8047,1.7,5.78
474,bonavista,67,CA,1643609736,76,48.6499,-53.1147,2.29,10.66
475,itoman,75,JP,1643609547,57,26.1247,127.6694,18.01,7.2
476,illela,9,NG,1643609736,17,13.7292,5.2975,16.17,7.63
477,muzhi,100,RU,1643609736,100,65.3667,64.6667,-24.58,1.26
478,ostersund,100,SE,1643609738,100,63.1792,14.6357,-7.75,1.03
479,clifton springs,0,US,1643609675,71,40.8584,-74.1638,-4.73,0.0
480,flinders,28,AU,1643609739,71,-34.5833,150.8552,31.0,1.79
481,gonda,0,IN,1643609739,51,27.1333,81.9333,19.33,2.07
482,bucerias,1,MX,1643609739,93,20.75,-105.3333,21.1,2.01
483,brufut,94,GM,1643609739,73,13.3814,-16.7518,20.05,3.09
484,coquimbo,38,CL,1643609739,86,-29.9533,-71.3436,17.69,0.78
485,tulsipur,0,NP,1643609740,49,28.131,82.2973,17.59,2.41
486,yining,100,CN,1643609740,71,29.0361,114.5636,7.24,0.81
487,suntar,85,RU,1643609740,94,62.1444,117.6319,-19.23,2.08
488,ngunguru,100,NZ,1643609740,78,-35.6167,174.5,21.2,7.14
489,dali,46,CN,1643609741,50,25.7,100.1833,9.47,2.3
490,kandhla,0,IN,1643609741,40,29.3167,77.2667,18.58,0.58
491,mitu,98,CO,1643609741,72,1.1983,-70.1733,21.93,1.01
492,porto santo,0,PT,1643609741,65,41.1496,-8.611,5.73,1.54
493,bousso,53,TD,1643609741,21,10.4795,16.7117,16.39,3.24
494,xuddur,86,SO,1643609742,54,4.1213,43.8894,24.43,9.32
495,khrystynivka,100,UA,1643609742,80,48.8249,29.9681,-1.45,7.76
496,baruun-urt,5,MN,1643609742,69,46.6806,113.2792,-14.86,2.42
497,kungurtug,17,RU,1643609742,86,50.5994,97.5228,-17.94,0.67
498,rocha,1,UY,1643609742,93,-34.4833,-54.3333,18.54,4.1
499,hopewell,72,US,1643609743,78,37.3043,-77.2872,-2.25,1.02
500,olenegorsk,95,RU,1643609743,100,68.15,33.3,-18.74,0.88
501,lianran,26,CN,1643609743,35,24.9227,102.485,14.92,6.01
502,szajol,0,HU,1643609743,56,47.1833,20.3,3.19,6.17
503,camacha,20,PT,1643609743,82,33.0833,-16.3333,16.42,9.26
504,willmar,28,US,1643609743,79,45.1219,-95.0433,-9.99,5.66
505,meulaboh,75,ID,1643609743,61,4.1363,96.1285,30.24,2.65
506,turukhansk,99,RU,1643609744,93,65.8167,87.9833,-16.97,5.52
507,gaillac,42,FR,1643609744,94,43.9016,1.8969,4.2,3.09
508,japura,84,ID,1643609744,56,-0.3167,102.35,32.35,1.19
509,kandrian,100,PG,1643609744,67,-6.2167,149.55,30.17,5.46
510,kormista,2,GR,1643609744,77,40.9833,24.05,2.58,1.64
511,sao gabriel da cachoeira,2,IN,1643609745,18,20.5113,76.2129,25.37,2.83
512,wajima,75,JP,1643609700,60,37.4,136.9,3.38,5.14
513,celestun,0,MX,1643609745,71,20.8667,-90.4,17.76,5.96
514,cherskiy,75,RU,1643609746,100,68.75,161.3,-33.3,1.11
515,korla,98,CN,1643609746,41,41.7597,86.1469,-1.57,1.03
516,kamaishi,93,JP,1643609486,50,39.2667,141.8833,0.05,7.11
517,necochea,92,AR,1643609746,55,-38.5473,-58.7368,15.1,4.35
518,dicabisagan,87,PH,1643609746,87,17.0818,122.4157,23.33,4.53
519,puerto carreno,38,ES,1643609640,66,36.5939,-6.233,7.36,2.34
520,ferkessedougou,76,CI,1643609747,18,9.6,-5.2,19.93,2.53
521,baracoa,99,CU,1643609747,84,20.3467,-74.4958,22.0,4.06
522,kargasok,96,RU,1643609747,94,59.0556,80.8572,-11.56,3.28
523,oxapampa,100,PE,1643609747,98,-10.5775,-75.4017,13.06,1.11
524,amahai,93,ID,1643609748,61,-3.3333,128.9167,30.99,7.46
525,telimele,5,GN,1643609748,76,10.9167,-13.3333,17.81,0.14
526,krasnoselkup,99,RU,1643609748,94,65.7,82.4667,-14.54,4.83
527,bahia honda,82,BR,1643609748,97,-12.0,-42.0,17.51,1.24
528,egvekinot,58,RU,1643609748,65,66.3167,-179.1667,-17.55,3.83
529,buchanan,10,LR,1643609748,87,5.8808,-10.0467,23.98,0.92
530,baykit,97,RU,1643609749,93,61.67,96.37,-15.76,0.47
